{
 "cells": [
  {
   "cell_type": "code",
   "execution_count": 8,
   "metadata": {},
   "outputs": [
    {
     "name": "stdout",
     "output_type": "stream",
     "text": [
      "['euclidean']\n",
      "['100']\n",
      "['4.28607183868', '77.6416583209']\n",
      "['40.0784771216', '0.723222228525']\n",
      "['-67.2398897057', '32.6733749467']\n",
      "['-38.0175973403', '52.1067548827']\n",
      "['94.2829255632', '7.76445097176']\n",
      "['13.8368231589', '-99.4150854802']\n",
      "['91.103183423', '4.02101051953']\n",
      "['-36.7690525796', '97.9478244877']\n",
      "['92.6655052628', '-1.69903596817']\n",
      "['-53.3376400513', '-94.3236394625']\n",
      "['96.253291395', '8.07509147968']\n",
      "['-73.7553842842', '-68.8266836357']\n",
      "['52.2347753658', '48.7115886322']\n",
      "['57.7534957926', '-98.6009145029']\n",
      "['34.403727405', '75.1891228726']\n",
      "['-81.8975951897', '44.8700098355']\n",
      "['-13.4377191208', '47.8814106322']\n",
      "['4.15206796554', '-70.0357972631']\n",
      "['-68.8460832012', '53.3849181091']\n",
      "['33.9447496885', '-80.819218132']\n",
      "['-89.1882260871', '-73.3077189974']\n",
      "['-0.229852026113', '80.446065414']\n",
      "['30.2669618997', '-88.1199964018']\n",
      "['71.3529515593', '43.079182783']\n",
      "['5.06548718873', '98.4934696737']\n",
      "['-39.0643189237', '-25.2081974361']\n",
      "['-93.1118634477', '83.6003041377']\n",
      "['-4.16418164258', '-91.218153968']\n",
      "['49.1785809645', '32.6437614137']\n",
      "['-59.807163763', '-13.0937187198']\n",
      "['9.97017796611', '-57.1804766327']\n",
      "['35.4545472732', '-12.6611853629']\n",
      "['-55.936685089', '-51.746857684']\n",
      "['88.4847913557', '-87.1407816875']\n",
      "['83.8529820562', '32.894799487']\n",
      "['54.2997515541', '-11.7926543861']\n",
      "['78.3430506564', '-66.1207945062']\n",
      "['-70.5359508336', '-57.6230189227']\n",
      "['0.756287499409', '-45.8411811359']\n",
      "['60.291658363', '3.75561484024']\n",
      "['34.558781377', '97.839951532']\n",
      "['42.9809339388', '-49.7794524193']\n",
      "['37.6901498337', '64.6514224422']\n",
      "['24.684382752', '27.7828987999']\n",
      "['-2.05542296497', '-28.8746904176']\n",
      "['-28.4105349083', '-8.14338631774']\n",
      "['66.5823205913', '-71.3725500524']\n",
      "['-52.4857788324', '-73.1751109635']\n",
      "['-58.1719298542', '-12.2792630871']\n",
      "['-38.5045135282', '-58.2252645838']\n",
      "['-28.1121678198', '-99.6206401222']\n",
      "['-47.2973897199', '22.8087924467']\n",
      "['57.4366703443', '-6.68786060128']\n",
      "['71.7664513602', '-25.7355609586']\n",
      "['30.0653806111', '-8.38606410271']\n",
      "['58.2113116068', '81.6712860787']\n",
      "['-47.7096344234', '90.5909321928']\n",
      "['-4.40936368029', '-6.10856234169']\n",
      "['6.27978043161', '-28.1920578911']\n",
      "['-39.5647893618', '-57.8836232602']\n",
      "['-4.29985810031', '54.071944112']\n",
      "['95.6916550811', '36.7064028636']\n",
      "['14.9080635041', '-79.8908135748']\n",
      "['27.5089851624', '-18.845086681']\n",
      "['-75.6782555292', '35.9275294341']\n",
      "['33.6726669223', '33.2907237061']\n",
      "['31.2363825382', '87.3325190633']\n",
      "['38.6454051341', '-58.9149777937']\n",
      "['49.6428099606', '-33.7384072313']\n",
      "['-77.063580154', '35.4058407377']\n",
      "['-76.6482987705', '74.3665693901']\n",
      "['57.6066842926', '-39.4190331069']\n",
      "['-75.5240680073', '47.4743164609']\n",
      "['20.8580222203', '42.3079586922']\n",
      "['-78.056919351', '-5.60210962649']\n",
      "['23.5117633987', '-43.641359141']\n",
      "['83.3439836883', '39.4506653225']\n",
      "['45.214517097', '81.3107344796']\n",
      "['54.5760271138', '-88.2774160108']\n",
      "['98.6890695512', '21.3839272657']\n",
      "['-6.6071046588', '94.089506893']\n",
      "['-18.7111829582', '40.8145042401']\n",
      "['18.4422797535', '34.9903568337']\n",
      "['7.56047096384', '97.7100096102']\n",
      "['71.6663922142', '9.70414669818']\n",
      "['-78.250864377', '-20.8688385229']\n",
      "['86.3651125919', '-63.1245337081']\n",
      "['-49.590594897', '75.7086435195']\n",
      "['-5.01917792017', '-7.33759334872']\n",
      "['-45.3682660216', '99.5137403912']\n",
      "['27.1570755404', '-35.6553894513']\n",
      "['68.5020191326', '-69.7867313833']\n",
      "['-65.5023938951', '-2.07746712475']\n",
      "['-84.7955473757', '61.9085684773']\n",
      "['9.19138092937', '98.9483154924']\n",
      "['-75.897084928', '94.9856490737']\n",
      "['-24.8321047792', '67.2021374175']\n",
      "['22.4428036388', '-89.7965494095']\n",
      "['75.77548728', '39.5297044766']\n",
      "['-7.9501506267', '51.2011361008']\n",
      "['0.0', '84.8383291139', '84.4873344618', '49.4128699795', '113.939711195', '177.314148833', '113.829744121', '45.8024412602', '118.768135553', '181.363049748', '115.314685513', '165.962176623', '56.0002419828', '184.174400772', '30.2173477814', '92.2041507033', '34.6382030202', '147.677516382', '77.0499938123', '161.212550808', '177.547624274', '5.31585059011', '167.785377267', '75.4488639462', '20.8663730672', '111.612495754', '97.5800351405', '169.071118143', '63.5621593535', '111.089385166', '134.941902817', '95.5305052761', '142.71709262', '185.047769247', '91.2862233695', '102.468846232', '161.716044209', '154.579649329', '123.533278989', '92.7133924693', '36.3924166747', '133.166932139', '35.8410191664', '53.8700936429', '106.704953516', '91.8049125942', '161.511785656', '161.148195541', '109.484127079', '142.445971988', '180.1986914', '75.2827781524', '99.681763042', '123.452221877', '89.8072479602', '54.0755895383', '53.5839263539', '84.2004160316', '105.85249341', '142.442970959', '25.084848431', '100.153261491', '157.890171982', '99.2421063072', '90.190699078', '53.2031706933', '28.6396932373', '140.812920755', '120.261185324', '91.6604067537', '81.0006083521', '128.63239557', '85.3213158427', '39.0269121108', '117.08925271', '122.797384095', '87.7992333236', '41.0925753771', '173.373062581', '109.894760023', '19.727975488', '43.4178880864', '44.9392004945', '20.3337260014', '95.6849677818', '128.517173282', '162.948119809', '53.9113324337', '85.4871972134', '54.2580984042', '115.582454742', '160.806772176', '105.950785326', '90.4602951459', '21.8640274675', '82.0375075457', '30.9330212919', '168.419774129', '81.0139342704', '29.1346246843']\n",
      "['84.8383291139', '0.0', '111.973408081', '93.4840321894', '54.6598676643', '103.519587873', '51.1311652592', '123.928068272', '52.6427854838', '133.268439118', '56.6538590048', '133.399165696', '49.5041301014', '100.884540057', '74.6818126659', '129.719316497', '71.3293627742', '79.357077279', '120.98683422', '81.7728083911', '148.964629417', '89.3336057945', '89.3833503934', '52.6509273029', '103.850521181', '83.2827754802', '156.870256986', '102.03249243', '33.1923592386', '100.836744851', '65.2636807102', '14.1606177061', '109.416729344', '100.315773645', '54.3251108197', '18.9444401849', '77.0214266359', '125.059328034', '60.9465196493', '20.4393762344', '97.2734606751', '50.586009945', '63.9727980457', '31.1320451883', '51.4907949978', '69.0605641154', '76.8131115074', '118.444523423', '99.107048666', '98.235485019', '121.321287369', '90.1238842824', '18.8740833067', '41.2818957788', '13.5366613015', '82.9541362896', '125.630242469', '45.0093463585', '44.4797181009', '98.8828207237', '69.3939677758', '66.2390734489', '84.4521905588', '23.2574900127', '120.991588136', '33.1915133249', '87.0594792934', '59.6554154894', '35.7642330783', '122.168513167', '138.016241042', '43.8022683208', '124.698088406', '45.8117473293', '118.304614123', '47.3568588872', '58.0665041747', '80.7510126094', '90.1736799892', '62.1455250005', '104.387770635', '71.1585204007', '40.5260601416', '102.292999033', '32.8398140103', '120.283208084', '78.8605640438', '116.890358383', '45.8123917519', '130.616662002', '38.6052587943', '76.0233602178', '105.618010706', '139.058148232', '102.966895932', '149.45145067', '92.9130228084', '92.2217221515', '52.7277877283', '69.6761714812']\n",
      "['84.4873344618', '111.973408081', '0.0', '35.094139494', '163.432170474', '154.986434074', '160.914532579', '72.0362802901', '163.557934605', '127.75568173', '165.333287078', '101.708965002', '120.54633919', '181.263028466', '110.177192381', '19.0684617278', '55.91026658', '125.083914538', '20.7737304718', '152.049005038', '108.229948459', '82.2956566551', '155.237317265', '138.982935955', '97.7770545563', '64.3749890127', '57.121897221', '139.023939969', '116.418474437', '46.3667151911', '118.469866183', '112.255822766', '85.1735763722', '196.483099583', '151.093034009', '129.418360993', '175.93942265', '90.3565313897', '103.865372629', '130.769004746', '120.870393968', '137.6484606', '109.694615726', '92.0542699923', '89.6503154169', '56.3358393396', '169.510880116', '106.871819284', '45.8581242755', '95.332494526', '137.958997688', '22.2488942103', '130.742309486', '150.779198334', '105.613413762', '134.680359392', '61.1217989652', '73.8357207622', '95.4449726891', '94.6915049161', '66.4781643911', '162.981451708', '139.352010226', '107.849437538', '9.04408863285', '100.914444975', '112.628585317', '140.000435789', '134.432474846', '10.1966299983', '42.7415561722', '144.166509072', '16.9615883643', '88.6231758044', '39.7746257011', '118.574032486', '150.736308138', '122.521779091', '171.663075307', '166.312570628', '86.3033944048', '49.2068426619', '85.7134911685', '99.1204207247', '140.792544558', '54.6626946504', '181.029655122', '46.5137823487', '73.9749589999', '70.3278207776', '116.531571224', '170.070394849', '34.7942511971', '34.101285269', '101.163762658', '62.9107823509', '54.6868874606', '151.795480359', '143.17963301', '62.1172366855']\n",
      "['49.4128699795', '93.4840321894', '35.094139494', '0.0', '139.533753181', '160.149146211', '137.783942591', '45.8580693722', '141.326347278', '147.229630499', '141.306259394', '126.103473257', '90.3162107983', '178.563445004', '76.0108149535', '44.4727409785', '24.9404079221', '129.217195902', '30.854971102', '151.155197369', '135.451923224', '47.2337825854', '155.96898027', '109.742489605', '63.3078153283', '77.3220374675', '63.4603955439', '147.268744992', '89.3419365457', '68.7450868272', '119.358810111', '97.9440764813', '105.388170821', '188.129558514', '123.375594639', '112.27478529', '165.884157883', '114.446784897', '105.343306934', '109.55611576', '85.7837748265', '130.159753026', '76.7400264943', '67.2546524951', '88.6074063988', '61.0112707887', '161.827938189', '126.114528051', '67.4667060785', '110.333093888', '152.050386152', '30.7324771131', '112.108536825', '134.580695067', '91.0750955835', '100.668090386', '39.6858600266', '67.2200604677', '91.7069081932', '110.00125948', '33.7749597804', '134.593220577', '142.212811148', '96.5810376614', '40.988931571', '74.1183986557', '77.6979291302', '134.918646135', '122.693679', '42.4677443145', '44.58509207', '132.366812702', '37.7914650103', '59.6854671208', '70.2385958716', '113.813723127', '122.019711329', '88.2069005124', '168.17043357', '140.116397718', '52.4325330006', '22.3663264948', '58.9973626836', '64.4749342929', '117.594892514', '83.3315847044', '169.55621015', '26.2865634816', '67.9891625253', '47.9734781423', '109.315744352', '161.877888199', '60.7564313979', '47.7938506427', '66.5042812879', '57.2141166754', '20.0431481547', '154.246581342', '114.486017942', '30.0810820493']\n",
      "['113.939711195', '54.6598676643', '163.432170474', '139.533753181', '0.0', '134.011299621', '4.91162971911', '159.083820151', '9.60071005138', '179.482059273', '1.99470274378', '184.670180259', '58.691694622', '112.463283839', '90.1754110221', '180.045545325', '114.948282908', '119.06489876', '169.388017647', '107.180977322', '200.585044885', '119.227858345', '115.290376233', '42.1059852126', '127.245849224', '137.363325365', '202.158065814', '139.604401785', '51.5109890194', '155.495398232', '106.425950919', '62.2734671583', '161.578238889', '95.0821831176', '27.2087878829', '44.509937922', '75.5851117045', '177.315490682', '107.799795089', '34.2268463783', '108.076682036', '77.0921212713', '80.2425684275', '72.420269365', '103.070384102', '123.72042891', '83.8450263696', '167.607473808', '153.76681506', '148.280634405', '162.825417775', '142.377378421', '39.5792348772', '40.3638750601', '66.2173105528', '82.2397811825', '164.384041449', '99.6625729877', '95.0653674198', '149.08011417', '108.917166488', '28.9762160774', '118.253178095', '71.8806414186', '172.278733646', '65.7662075251', '101.518195646', '86.8428459921', '60.9526632727', '173.561722306', '183.448427712', '59.7614243769', '174.388326681', '81.1447494084', '172.857418375', '87.470650549', '33.5212862108', '88.4124681661', '103.926310422', '14.3144765661', '132.781073493', '117.728393269', '80.5794856452', '124.94393803', '22.6995594723', '174.893607483', '71.3297967976', '159.110034852', '100.443912204', '167.093947886', '79.944745191', '81.7241764783', '160.088137181', '187.084699884', '124.719958776', '191.229635175', '133.121106604', '121.157549965', '36.7635227098', '111.078114326']\n",
      "['177.314148833', '103.519587873', '154.986434074', '160.149146211', '134.011299621', '0.0', '129.10893224', '203.747571495', '125.54834708', '67.3671383549', '135.449667328', '92.7795512608', '153.02259414', '43.9242189413', '175.81133958', '173.156771704', '149.800395272', '30.9343992878', '173.736306226', '27.3885923653', '106.28149113', '180.410379279', '19.9381166696', '153.664314381', '198.10283324', '91.1328319918', '211.97323983', '19.7794302263', '136.706177211', '113.467242714', '42.4112382459', '89.4067401343', '84.5020851485', '75.6503647678', '149.693580914', '96.5139316636', '72.5917570901', '94.1559441476', '55.1476530764', '113.14700667', '198.340487997', '57.5593195105', '165.791435893', '127.659691187', '72.3084422627', '100.575157627', '59.7366829729', '71.3247768838', '113.039426992', '66.6049312865', '41.9494945958', '136.660412409', '102.46601831', '93.7257390329', '92.4643110066', '186.44401087', '199.72544453', '95.0738165552', '71.6228214589', '67.6505326952', '154.554868769', '158.837253495', '19.5536377514', '81.7218007655', '162.266979772', '134.180074861', '187.556424762', '47.4944677014', '74.8030397555', '162.602476822', '195.92759086', '74.2652478891', '171.935642822', '141.896858618', '131.321492342', '56.6066517152', '155.289864804', '183.429500564', '42.2342327986', '147.622170416', '194.581554763', '143.957321923', '134.484323079', '197.224987543', '123.496015678', '121.03575962', '81.1009057656', '186.256161831', '93.9883680777', '207.552211136', '65.1362261818', '62.1781554674', '125.575966291', '189.086397828', '198.417788968', '214.111699483', '171.045563971', '12.9065540004', '152.125122085', '152.18383104']\n",
      "['113.829744121', '51.1311652592', '160.914532579', '137.783942591', '4.91162971911', '129.10893224', '0.0', '158.661763266', '5.92956839512', '174.742157667', '6.55432563688', '180.236327887', '59.2283793206', '107.904870883', '90.9930136254', '177.758010075', '113.369021354', '114.214304088', '167.39343854', '102.298342824', '196.175239905', '119.090353849', '110.412911409', '43.7677104637', '127.779226449', '133.408865016', '200.668999764', '134.708460383', '50.7635120935', '151.877736501', '101.627686209', '58.0953213676', '157.260224011', '91.1993878018', '29.7701378767', '40.057016802', '71.2930136864', '172.994786306', '103.193021856', '30.8126680342', '109.541147956', '72.1819971173', '80.8022215482', '70.5413667094', '98.7960175528', '120.13118421', '79.2809036889', '163.024633886', '150.162439923', '143.780227685', '157.968008532', '139.669965977', '35.3286572567', '35.4875013632', '62.2860246989', '84.3293574385', '163.595078584', '96.0481905114', '90.7341802821', '144.590119977', '107.735028126', '33.0058925776', '113.34412434', '67.5801779636', '169.80599026', '64.459136944', '102.590649204', '81.9314172219', '56.0779475063', '171.070359618', '181.903978601', '54.8548342835', '172.199973044', '80.0017066867', '169.433600009', '82.7061155088', '36.2693482156', '89.8858783514', '99.2634509173', '18.9477319562', '132.889557287', '115.814317957', '78.9854881177', '125.526942748', '20.2506021965', '171.173298419', '67.312505709', '157.904578728', '96.7911474879', '166.563255167', '75.2550425419', '77.1906431641', '156.724274689', '185.179191225', '125.382361667', '190.167439633', '132.033502743', '116.258256925', '38.6756462854', '109.715665409']\n",
      "['45.8024412602', '123.928068272', '72.0362802901', '45.8580693722', '159.083820151', '203.747571495', '158.661763266', '0.0', '163.348711542', '192.984025091', '160.536762565', '170.82659422', '101.714739886', '218.096123188', '74.7229757836', '69.6695038475', '55.2358300138', '172.896024486', '54.9070898737', '192.24488903', '179.09838337', '40.5145004629', '197.775279567', '121.247414907', '41.8380980244', '123.177408577', '58.1408950456', '191.955320358', '107.942653135', '113.406255933', '162.016497557', '132.100724585', '150.916851301', '223.48672792', '137.045872982', '142.606100114', '200.422823176', '159.193249659', '148.60494368', '135.25144719', '71.3279155276', '167.879149069', '81.5648405455', '93.2718688074', '131.487590167', '106.419969121', '198.370601579', '171.843168388', '112.285769316', '156.182731359', '197.758033622', '75.8730519947', '140.795400584', '164.552530977', '125.593540131', '96.3649069089', '13.1840887178', '108.971928062', '133.28342714', '155.856524571', '54.5833442441', '145.932692693', '185.194777234', '133.312603437', '73.2150467643', '95.6168213646', '68.8289467798', '174.04964571', '157.506424034', '74.3985798509', '46.3295787671', '166.662633111', '63.6358879354', '80.1041473067', '111.477696413', '153.887210955', '133.600370927', '83.6546380116', '207.421705188', '155.598628558', '30.4077246278', '59.9191366575', '83.7372912829', '44.3301614424', '139.804121389', '125.849672701', '202.746953632', '25.6704717045', '109.968512538', '8.74062723369', '148.109313114', '198.032522008', '104.070475474', '60.0447514457', '45.9713218277', '39.2399974342', '32.9816311938', '196.86034097', '126.802800434', '54.9161359248']\n",
      "['118.768135553', '52.6427854838', '163.557934605', '141.326347278', '9.60071005138', '125.54834708', '5.92956839512', '163.348711542', '0.0', '172.905279312', '10.4118094824', '179.44925065', '64.6210104579', '102.999138194', '96.4687707451', '180.66807152', '117.115818358', '111.823707354', '170.646521221', '98.529845026', '195.444578055', '124.005504261', '106.593436084', '49.591469225', '133.087570244', '133.811162663', '204.424088961', '131.869862947', '55.4124563338', '152.897853467', '99.5826662372', '58.2517161416', '156.803684382', '85.543966943', '35.6986556717', '39.671301849', '65.9946640198', '172.517266213', '101.959959248', '32.8301565413', '115.257977569', '69.1395912177', '86.1665424385', '74.0987010378', '98.5422266801', '121.24742123', '74.3957733171', '161.795316901', '151.208045548', '142.831328325', '155.485970027', '142.092384122', '35.5803201354', '31.8516088705', '62.9562701538', '90.2092127151', '167.995887048', '97.1749664428', '90.3569237259', '143.671704471', '111.860108668', '38.5244768243', '110.273178217', '67.3747665424', '172.497478885', '68.5889076858', '108.167254333', '78.6882152352', '53.6420881584', '173.737544336', '185.615571962', '51.4967873947', '175.230565672', '84.2195357381', '170.767035021', '80.8789124985', '42.1922822419', '95.6149479302', '94.5865964948', '23.8559535209', '137.951063875', '119.214796817', '82.7961276218', '130.862619589', '23.895508443', '171.988042436', '61.7477669264', '161.952915615', '97.8472823224', '171.164681267', '73.7860983286', '72.2482410091', '158.168351873', '188.516186432', '130.758627973', '194.322605822', '136.209618087', '112.660550762', '44.5542562066', '113.674704376']\n",
      "['181.363049748', '133.268439118', '127.75568173', '147.229630499', '179.482059273', '67.3671383549', '174.742157667', '192.984025091', '172.905279312', '0.0', '181.281402437', '32.6646450462', '177.776858373', '111.173448021', '190.874629424', '142.09343068', '147.696580741', '62.4096611637', '148.520469259', '88.320920252', '41.5563885834', '182.660578373', '83.8344478995', '185.545895124', '201.468019415', '70.5738763462', '182.315436958', '49.2714222652', '163.187917618', '81.4871447587', '73.3995529082', '120.635023685', '42.6560357009', '142.004209431', '187.098364512', '135.636173528', '134.667014405', '40.5304507965', '72.6409097084', '150.103822679', '211.311681182', '106.119990081', '183.191508643', '144.904943769', '83.1470427639', '89.712856397', '122.096476057', '21.1656780002', '82.1866780733', '39.027097142', '25.7756215307', '117.288069423', '141.247929472', '142.672205425', '119.755295141', '208.368381556', '185.000197994', '100.875547384', '89.0371995638', '38.9559520092', '156.288045874', '198.440426324', '69.7551612204', '110.603746494', '132.153206919', '154.454586227', '200.378954053', '98.5629439635', '119.480305696', '131.881227879', '170.293198257', '123.786747688', '143.523161509', '155.477297102', '92.1007742939', '92.0571797809', '191.252270284', '201.39503715', '108.082914372', '191.050677651', '194.121757301', '139.503797132', '147.900191093', '201.458438149', '162.627760165', '77.5646602995', '143.144134689', '170.073565269', '99.5050049054', '194.001135953', '99.6060379574', '124.285809359', '93.0448147241', '159.367822132', '203.135243217', '190.648722207', '164.021773365', '75.915546433', '185.975582626', '152.438461351']\n",
      "['115.314685513', '56.6538590048', '165.333287078', '141.306259394', '1.99470274378', '135.449667328', '6.55432563688', '160.536762565', '10.4118094824', '181.281402437', '0.0', '186.592692306', '59.9078847418', '113.410777767', '91.2669807518', '181.910979349', '116.690448763', '120.764010771', '171.203924842', '108.556679439', '202.513501395', '120.609099294', '116.652006467', '42.9571103766', '128.416115621', '139.350755231', '203.87059527', '141.219040794', '53.1003569145', '157.489632006', '108.18070453', '64.2376872566', '163.525088424', '95.5322568343', '27.7450099526', '46.4201123541', '76.326969156', '179.262079185', '109.666048556', '36.2201177353', '108.921727247', '78.6453578966', '81.4280220483', '74.232784898', '105.023281711', '125.714393013', '84.8073950399', '169.484236462', '155.760870271', '150.184563794', '164.514856627', '144.304816249', '41.5292044703', '41.7464435993', '68.2041727245', '82.846798886', '165.934288135', '101.657002526', '97.0079316271', '150.987095841', '110.574166628', '28.6368194273', '119.812547559', '73.8273366146', '174.172946027', '67.4697166733', '102.513112646', '88.3534829008', '62.6171354662', '175.458564392', '185.174296071', '61.2311367752', '176.237794279', '82.8029939768', '174.84597622', '89.2520092773', '33.9275236266', '89.2659839326', '104.97999837', '13.5298974573', '134.084826641', '119.535348375', '82.3345920118', '126.098512855', '24.6408082706', '176.888245697', '71.8829792574', '160.762982463', '102.438585966', '168.575478762', '81.7718900838', '82.6595219665', '162.073983631', '188.882834757', '125.84799997', '192.845007945', '134.750438693', '122.584037269', '37.5330939327', '112.775055105']\n",
      "['165.962176623', '133.399165696', '101.708965002', '126.103473257', '184.670180259', '92.7795512608', '180.236327887', '170.82659422', '179.44925065', '32.6646450462', '186.592692306', '0.0', '172.304282525', '134.83727364', '180.108150747', '113.98786648', '131.373513306', '77.9168343287', '122.310166536', '108.36576831', '16.070229744', '166.398189602', '105.796410256', '183.246697297', '184.956112316', '55.7318791554', '153.651097905', '73.1048112558', '159.402042115', '57.4518601442', '84.5316740144', '122.806239039', '24.6825139632', '163.270575362', '187.583734021', '140.182018487', '152.122502436', '11.6570517174', '77.9764230851', '152.436215167', '198.770535445', '118.280027939', '173.886491358', '137.926789104', '82.0795115438', '75.7536661707', '140.360795258', '21.709558639', '58.6553903974', '36.8105144621', '55.0597036435', '95.3786451634', '145.164005613', '151.76774856', '120.132508976', '200.162053628', '161.531288988', '93.5009802742', '89.7596813747', '35.899127448', '141.167074135', '199.62347431', '89.3511160816', '112.927554448', '104.771859722', '148.218592181', '188.172707075', '112.836959258', '128.289911856', '104.285009935', '143.22247263', '134.613531899', '116.314448224', '145.954120927', '63.3707342751', '100.474865455', '190.798835727', '191.559603656', '129.797080635', '194.615117547', '176.211737955', '122.682737899', '138.846631741', '185.32873094', '165.271244906', '48.1680833034', '160.221996098', '146.541454346', '92.2256704483', '170.717095936', '106.22457016', '142.260642901', '67.2574884692', '131.200576775', '187.159333702', '163.826332527', '144.559079392', '98.4572324933', '184.663446289', '136.883184823']\n",
      "['56.0002419828', '49.5041301014', '120.54633919', '90.3162107983', '58.691694622', '153.02259414', '59.2283793206', '101.714739886', '64.6210104579', '177.776858373', '59.9078847418', '172.304282525', '0.0', '147.415839906', '31.9218748013', '134.187371084', '65.6777414929', '128.112795645', '121.171012704', '130.815728948', '186.786446977', '61.3156924775', '138.583792311', '19.9305959925', '68.579715858', '117.471951505', '149.47530861', '150.868072221', '16.3558978886', '127.958165588', '114.01502392', '63.625415069', '147.62440277', '140.605583747', '35.3536676057', '60.5394710076', '117.762974894', '162.418287072', '107.658074401', '45.6722338321', '52.2114623881', '98.924813614', '21.5783325064', '34.598181907', '94.6945422481', '98.6719526804', '120.938217358', '160.694623463', '126.132963776', '140.246601117', '168.695232199', '102.847492613', '55.643136924', '76.9666450441', '61.2505021337', '33.4971736301', '108.36403677', '78.8277073184', '89.58812649', '140.675866027', '56.7881870816', '45.0846412864', '133.909899828', '71.9393430645', '128.550284489', '24.1320315129', '43.9603090151', '108.48109874', '82.4907273731', '129.981181973', '131.411661722', '88.2941894671', '127.764834373', '32.0235400036', '141.159142569', '96.7164845249', '32.4583971107', '33.3464891127', '137.009010116', '53.8962199419', '74.3069465832', '71.3841224952', '36.4719750189', '66.3071544566', '43.5794476741', '147.878118808', '116.928175301', '105.343471567', '80.1219443574', '110.03277835', '88.0152147045', '119.609677979', '128.224682531', '137.664336804', '66.1548375422', '136.231649377', '79.2540497998', '141.675918501', '25.2680057399', '60.23639401']\n",
      "['184.174400772', '100.884540057', '181.263028466', '178.563445004', '112.463283839', '43.9242189413', '107.904870883', '218.096123188', '102.999138194', '111.173448021', '113.410777767', '134.83727364', '147.415839906', '0.0', '175.351614691', '200.215717023', '162.865774974', '60.7377887976', '197.805830845', '29.7160750585', '149.10270074', '188.201725926', '29.4169881138', '142.331286666', '204.015250716', '121.491481861', '236.553674021', '62.3562661814', '131.524500078', '145.368460148', '63.2368416026', '88.7855852587', '122.966498971', '32.7985848952', '134.060829406', '86.8769381008', '38.4563124141', '134.675053525', '77.667697392', '102.387994259', '197.805481788', '51.0074871338', '164.480586602', '130.638564376', '91.8632303381', '124.927197167', '28.6239755795', '113.133413082', '144.534189085', '104.382936655', '85.8717184406', '160.549075016', '91.9135999506', '74.2005570792', '94.3681670641', '180.272781911', '216.601077308', '111.440819748', '87.2178333969', '105.492873842', '164.801761177', '140.525350251', '46.7525287522', '85.2978457807', '189.478058067', '134.071960337', '187.814799771', '44.0464834135', '65.3676378204', '190.088017552', '219.04701063', '59.1820634921', '197.73942984', '145.659144976', '164.60026297', '64.7537563615', '140.403389429', '180.348072976', '10.8014317718', '126.775721071', '203.154831073', '159.007880559', '139.255159631', '202.626056241', '109.195031795', '156.650763232', '45.57629', '204.710956776', '110.767334324', '223.346175798', '69.9877136094', '30.7536648684', '156.552835287', '214.670733531', '203.430521977', '235.240802848', '185.232376889', '36.391782384', '139.301328338', '163.577576452']\n",
      "['30.2173477814', '74.6818126659', '110.177192381', '76.0108149535', '90.1754110221', '175.81133958', '90.9930136254', '74.7229757836', '96.4687707451', '190.874629424', '91.2669807518', '180.108150747', '31.9218748013', '175.351614691', '0.0', '120.188378193', '55.0864334795', '148.342307948', '105.526995293', '156.009016161', '193.200111318', '35.0302764633', '163.361504851', '48.9519500955', '37.467651632', '124.407297843', '127.792698856', '170.818223249', '45.037807222', '129.110619758', '134.605754748', '87.8565926921', '155.801583078', '171.101605464', '65.0694903637', '89.2282542249', '147.983637195', '169.267247502', '125.620399222', '75.979806785', '22.6513593564', '125.262577342', '11.0382835052', '48.3923107664', '110.265801054', '104.354868779', '150.052610207', '171.935255768', '127.361575286', '152.036214029', '185.652068111', '97.0503557695', '85.0550226807', '107.618608743', '83.6877119466', '24.6742680814', '83.5453165719', '90.0875666271', '107.138344814', '152.248800442', '44.0897127432', '72.3680165412', '156.300568135', '94.2866376373', '116.873930738', '41.9047766029', '12.5496671091', '134.171165477', '109.98834689', '118.3540037', '111.055072428', '116.933342659', '113.367679251', '35.5620174738', '138.47245328', '119.328614906', '60.6002147944', '12.4236589792', '164.706499599', '83.8308075181', '45.1565373195', '63.2677493595', '43.2516890096', '35.0392744762', '75.3444642508', '148.04792804', '147.751998793', '83.9959289531', '91.4594137011', '83.3981891452', '111.081140954', '148.93183614', '126.298689633', '119.936817672', '34.6433492716', '112.06324844', '59.7718642107', '165.418668099', '54.6188304112', '48.6751938228']\n",
      "['92.2041507033', '129.719316497', '19.0684617278', '44.4727409785', '180.045545325', '173.156771704', '177.758010075', '69.6695038475', '180.66807152', '142.09343068', '181.910979349', '113.98786648', '134.187371084', '200.215717023', '120.188378193', '0.0', '68.5260765411', '143.554481066', '15.5835050003', '170.93048556', '118.402402387', '89.0801661649', '173.974795951', '153.26100985', '102.166790797', '82.1318737767', '40.3211546127', '156.724190568', '131.645148432', '62.0304843495', '137.309830431', '130.695691442', '100.043930063', '215.538875202', '166.182608958', '147.513981631', '194.925686428', '103.120841281', '122.71994333', '148.014111833', '127.937103165', '156.694504506', '121.212759413', '107.942982104', '108.687870901', '75.307939749', '188.569928991', '121.654040154', '61.8784824571', '111.855241914', '154.176587466', '41.0350037313', '148.567330042', '169.108798793', '123.983536655', '144.861450002', '57.0895735013', '92.7536567671', '114.513384859', '111.132243582', '78.1414384038', '177.776787828', '157.913262943', '126.60731949', '10.8925727696', '116.148893029', '120.840231738', '159.065830976', '153.238903092', '10.6272384972', '29.9600089862', '162.991063418', '6.88507528962', '102.787552823', '50.6180366458', '137.642272998', '165.330422745', '132.232429844', '190.665378593', '182.10749451', '89.9511915151', '63.3164261177', '100.825086397', '103.898080714', '157.538998847', '65.839918204', '199.937891019', '44.6627763961', '92.9296770257', '65.7292109987', '135.562757195', '189.119571423', '49.7279420288', '17.2832464388', '105.932359141', '50.4735913093', '61.2796386912', '170.358448592', '157.763493232', '74.2179743538']\n",
      "['34.6382030202', '71.3293627742', '55.91026658', '24.9404079221', '114.948282908', '149.800395272', '113.369021354', '55.2358300138', '117.115818358', '147.696580741', '116.690448763', '131.373513306', '65.6777414929', '162.865774974', '55.0864334795', '68.5260765411', '0.0', '119.221929726', '55.6810147592', '137.145726126', '142.915864921', '35.1412079225', '142.851257812', '84.9265519534', '53.8883026653', '77.4520072369', '87.3144239371', '139.40834756', '64.4436730027', '76.6034711741', '107.637957068', '77.8194040261', '108.314144764', '169.17207382', '98.4381991359', '90.2738000156', '146.356456903', '119.964130974', '94.7913183349', '85.9250077593', '69.2785671681', '112.78611876', '53.8079202343', '43.0957634702', '77.595461943', '57.9910603963', '143.613070068', '127.198397742', '74.9697023623', '109.027385125', '148.23020752', '42.1320955538', '89.4482221456', '112.601994536', '71.1234729139', '79.2170391197', '54.7600895766', '54.7396417935', '78.5872279812', '108.944326119', '11.037355154', '109.700050649', '130.878663927', '78.2883007565', '63.3780691414', '49.3181165304', '59.6000445929', '118.819697075', '103.154969911', '64.8374123204', '68.5349619835', '112.555207491', '62.0876835106', '34.7456650629', '83.8816307522', '98.6999576769', '97.1482139059', '67.510032634', '152.200840174', '115.215161167', '46.7102285798', '8.81762931852', '34.3876954195', '54.0722966309', '93.2749336511', '94.4846048671', '149.274662608', '45.6222020189', '55.8570518072', '60.7079673661', '92.8780615742', '143.387280993', '72.1569111457', '72.7234543353', '55.8561092548', '78.2303116202', '22.4303925076', '142.276605929', '89.6032766813', '6.41357818733']\n",
      "['147.677516382', '79.357077279', '125.083914538', '129.217195902', '119.06489876', '30.9343992878', '114.214304088', '172.896024486', '111.823707354', '62.4096611637', '120.764010771', '77.9168343287', '128.112795645', '60.7377887976', '148.342307948', '143.554481066', '119.221929726', '0.0', '143.39247908', '31.6841608675', '93.3976229123', '150.545648285', '31.765168718', '131.571111824', '168.531742259', '62.2669238201', '181.835981059', '22.7563670897', '112.118145913', '85.6340097867', '14.1106226826', '65.3581770056', '62.8103777618', '86.0499199683', '130.18042654', '76.85736049', '74.2942067675', '75.7124640879', '24.4317574996', '92.7190709089', '170.6072544', '43.7949807536', '138.800036338', '99.9503539261', '41.626549946', '69.9356392589', '62.4445622207', '56.724782771', '84.9711594852', '44.2614123917', '43.7749224764', '106.14690073', '82.7780763848', '80.8344962159', '66.8744298743', '161.051050786', '168.791535304', '64.4979804066', '41.8978004789', '45.3744305483', '124.395202976', '140.617898211', '14.5881042816', '56.267525544', '132.669164292', '107.460856587', '159.682018647', '36.2417291901', '58.1971488167', '133.093653206', '165.471274727', '61.6018039838', '141.97504524', '113.579084385', '104.451030144', '32.7332273241', '135.124553673', '156.818039138', '53.6221251978', '131.509736148', '164.477582849', '113.183557049', '105.99388283', '167.780430726', '104.482738487', '95.9564124508', '82.5030318877', '155.337425724', '63.3654205793', '176.633261865', '41.3671707375', '64.3504331688', '97.3143293266', '159.125717361', '169.059235296', '183.411953346', '140.26522372', '26.9265359239', '130.898866938', '121.839475156']\n",
      "['77.0499938123', '120.98683422', '20.7737304718', '30.854971102', '169.388017647', '173.736306226', '167.39343854', '54.9070898737', '170.646521221', '148.520469259', '171.203924842', '122.310166536', '121.171012704', '197.805830845', '105.526995293', '15.5835050003', '55.6810147592', '143.39247908', '0.0', '169.046459621', '128.315342318', '73.7596968143', '172.762948979', '140.5773009', '86.5892698997', '84.0466019217', '38.7530339951', '158.410216979', '119.833288082', '67.0903213529', '135.781845395', '123.453267681', '105.921399354', '210.951360252', '154.067678283', '139.33058736', '189.594980085', '111.020798667', '121.203584017', '138.346030081', '112.5558351', '152.145223747', '107.130308826', '96.9711887838', '105.960537417', '73.6258501574', '184.133860047', '127.613089132', '66.5261019589', '115.66089975', '158.334938381', '37.4064921006', '139.843028375', '161.344151067', '116.615315962', '130.167969133', '42.7906175572', '87.7015680519', '110.899496842', '115.056866233', '64.5498813283', '165.380894271', '157.407680074', '120.422061066', '18.7467063259', '104.469472936', '105.68320377', '155.453165565', '147.071722711', '19.7680165747', '22.3853581223', '156.85303876', '8.91799825714', '90.3854278044', '59.7018336708', '133.955478819', '152.826633348', '117.429433109', '187.886226805', '170.564037308', '74.3676945862', '51.6867829064', '89.2054829695', '88.3327530192', '147.145389117', '74.846979117', '194.074644563', '29.4808844174', '88.0970898243', '51.7597927416', '130.938087884', '184.487821965', '55.5630851736', '18.0841926293', '90.3651978863', '42.1940451028', '46.1318311575', '169.807518977', '145.283741669', '60.9350761711']\n",
      "['161.212550808', '81.7728083911', '152.049005038', '151.155197369', '107.180977322', '27.3885923653', '102.298342824', '192.24488903', '98.529845026', '88.320920252', '108.556679439', '108.36576831', '130.815728948', '29.7160750585', '156.009016161', '170.93048556', '137.145726126', '31.6841608675', '169.046459621', '0.0', '123.361875564', '164.84658043', '8.17480803229', '129.42251472', '181.623379031', '91.7764115798', '207.791150545', '39.5022596027', '114.481078536', '115.655369726', '33.6685341074', '68.1747528026', '94.4662609595', '54.905175629', '124.184175566', '71.965218012', '46.7680744303', '107.024672106', '48.2176015017', '88.5836439135', '178.66022484', '32.3283108329', '145.518848577', '108.996211851', '63.2000505581', '95.7598979063', '33.9772066574', '86.7679009473', '114.818152256', '75.8905954488', '64.8425360353', '131.677825742', '77.7645710169', '66.818338837', '72.5369651079', '164.292513481', '189.865420967', '83.9804745219', '59.4556012416', '77.0045053455', '140.207972942', '132.758999378', '19.0593115275', '62.3073995136', '160.146827443', '114.110266214', '168.17354719', '22.4029441461', '49.628941671', '160.720607278', '190.560885326', '47.6850340182', '168.649497675', '123.820693378', '134.914740779', '38.6139923095', '130.019726142', '162.521165364', '21.9379653524', '120.984750624', '179.548085428', '132.542105238', '116.842561714', '180.468322212', '98.0683531779', '127.208112284', '55.3262713708', '177.423575852', '83.1729333105', '197.003884202', '45.6710405119', '36.2756203984', '126.846354771', '185.662271927', '181.463757842', '207.298287415', '159.264058468', '14.5906559069', '127.411435046', '138.508326841']\n",
